k = 1
Train Accuracy: 1.0
Train Classification Report:
              precision    recall  f1-score   support

           0       1.00      1.00      1.00      8975
           1       1.00      1.00      1.00      8993
           2       1.00      1.00      1.00      8985
           3       1.00      1.00      1.00      8985
           4       1.00      1.00      1.00      9008
           5       1.00      1.00      1.00      9028
           6       1.00      1.00      1.00      9009
           7       1.00      1.00      1.00      8942
           8       1.00      1.00      1.00      9006
           9       1.00      1.00      1.00      9020
          10       1.00      1.00      1.00      9011
          11       1.00      1.00      1.00      9051
          12       1.00      1.00      1.00      8987

    accuracy                           1.00    117000
   macro avg       1.00      1.00      1.00    117000
weighted avg       1.00      1.00      1.00    117000

Test Accuracy: 0.45976923076923076
Test Classification Report:
              precision    recall  f1-score   support

           0       0.14      0.61      0.23      1025
           1       0.00      0.00      0.00      1007
           2       0.00      0.00      0.00      1015
           3       0.99      0.71      0.83      1015
           4       0.82      0.27      0.41       992
           5       0.19      0.62      0.29       972
           6       0.83      0.12      0.21       991
           7       0.85      0.59      0.69      1058
           8       0.72      0.15      0.25       994
           9       0.93      0.41      0.57       980
          10       0.84      0.83      0.83       989
          11       0.89      0.85      0.87       949
          12       0.87      0.85      0.86      1013

    accuracy                           0.46     13000
   macro avg       0.62      0.46      0.46     13000
weighted avg       0.62      0.46      0.46     13000

--------------------------------------------------------

k = 3
Train Accuracy: 0.9670341880341881
Train Classification Report:
              precision    recall  f1-score   support

           0       0.96      0.73      0.83      8975
           1       0.99      1.00      0.99      8993
           2       0.99      1.00      0.99      8985
           3       0.99      1.00      0.99      8985
           4       0.94      1.00      0.97      9008
           5       0.97      0.97      0.97      9028
           6       0.97      0.99      0.98      9009
           7       0.96      1.00      0.98      8942
           8       0.96      1.00      0.98      9006
           9       0.97      1.00      0.98      9020
          10       0.94      0.97      0.96      9011
          11       0.96      0.97      0.96      9051
          12       0.98      0.94      0.96      8987

    accuracy                           0.97    117000
   macro avg       0.97      0.97      0.97    117000
weighted avg       0.97      0.97      0.97    117000

Test Accuracy: 0.5217692307692308
Test Classification Report:
              precision    recall  f1-score   support

           0       0.16      0.56      0.25      1025
           1       0.00      0.00      0.00      1007
           2       0.25      0.00      0.00      1015
           3       0.99      1.00      1.00      1015
           4       0.81      0.34      0.48       992
           5       0.20      0.67      0.30       972
           6       0.81      0.18      0.30       991
           7       0.90      0.66      0.76      1058
           8       0.78      0.20      0.32       994
           9       0.92      0.62      0.74       980
          10       0.85      0.86      0.85       989
          11       0.90      0.85      0.87       949
          12       0.91      0.85      0.88      1013

    accuracy                           0.52     13000
   macro avg       0.65      0.52      0.52     13000
weighted avg       0.65      0.52      0.52     13000

--------------------------------------------------------

k = 5
Train Accuracy: 0.9554529914529915
Train Classification Report:
              precision    recall  f1-score   support

           0       0.96      0.64      0.77      8975
           1       0.98      1.00      0.99      8993
           2       0.98      1.00      0.99      8985
           3       0.99      1.00      0.99      8985
           4       0.91      1.00      0.95      9008
           5       0.96      0.95      0.96      9028
           6       0.96      0.99      0.98      9009
           7       0.95      1.00      0.97      8942
           8       0.95      0.99      0.97      9006
           9       0.96      1.00      0.98      9020
          10       0.92      0.97      0.94      9011
          11       0.94      0.96      0.95      9051
          12       0.97      0.92      0.94      8987

    accuracy                           0.96    117000
   macro avg       0.96      0.96      0.95    117000
weighted avg       0.96      0.96      0.95    117000

Test Accuracy: 0.5483846153846154
Test Classification Report:
              precision    recall  f1-score   support

           0       0.18      0.53      0.27      1025
           1       0.00      0.00      0.00      1007
           2       0.97      0.12      0.21      1015
           3       0.99      1.00      0.99      1015
           4       0.81      0.39      0.53       992
           5       0.20      0.68      0.31       972
           6       0.79      0.23      0.35       991
           7       0.83      0.71      0.76      1058
           8       0.79      0.23      0.36       994
           9       0.92      0.67      0.78       980
          10       0.84      0.88      0.86       989
          11       0.89      0.86      0.87       949
          12       0.92      0.85      0.89      1013

    accuracy                           0.55     13000
   macro avg       0.70      0.55      0.55     13000
weighted avg       0.70      0.55      0.55     13000

--------------------------------------------------------

k = 7
Train Accuracy: 0.9482564102564103
Train Classification Report:
              precision    recall  f1-score   support

           0       0.95      0.60      0.73      8975
           1       0.98      1.00      0.99      8993
           2       0.98      1.00      0.99      8985
           3       0.99      1.00      0.99      8985
           4       0.89      1.00      0.94      9008
           5       0.95      0.94      0.94      9028
           6       0.95      0.99      0.97      9009
           7       0.94      0.99      0.97      8942
           8       0.94      0.99      0.96      9006
           9       0.96      1.00      0.98      9020
          10       0.91      0.96      0.94      9011
          11       0.94      0.95      0.94      9051
          12       0.97      0.91      0.93      8987

    accuracy                           0.95    117000
   macro avg       0.95      0.95      0.94    117000
weighted avg       0.95      0.95      0.94    117000

Test Accuracy: 0.5606923076923077
Test Classification Report:
              precision    recall  f1-score   support

           0       0.19      0.52      0.28      1025
           1       0.00      0.00      0.00      1007
           2       0.94      0.12      0.21      1015
           3       0.99      1.00      0.99      1015
           4       0.80      0.42      0.55       992
           5       0.21      0.68      0.32       972
           6       0.74      0.24      0.36       991
           7       0.80      0.74      0.77      1058
           8       0.77      0.25      0.38       994
           9       0.91      0.72      0.80       980
          10       0.84      0.88      0.86       989
          11       0.90      0.87      0.88       949
          12       0.92      0.86      0.89      1013

    accuracy                           0.56     13000
   macro avg       0.69      0.56      0.56     13000
weighted avg       0.69      0.56      0.56     13000

--------------------------------------------------------

k = 9
Train Accuracy: 0.942991452991453
Train Classification Report:
              precision    recall  f1-score   support

           0       0.95      0.56      0.70      8975
           1       0.98      1.00      0.99      8993
           2       0.98      1.00      0.99      8985
           3       0.99      1.00      0.99      8985
           4       0.88      1.00      0.93      9008
           5       0.94      0.93      0.93      9028
           6       0.95      0.99      0.97      9009
           7       0.94      0.99      0.96      8942
           8       0.93      0.99      0.96      9006
           9       0.96      1.00      0.98      9020
          10       0.90      0.96      0.93      9011
          11       0.93      0.95      0.94      9051
          12       0.96      0.90      0.93      8987

    accuracy                           0.94    117000
   macro avg       0.94      0.94      0.94    117000
weighted avg       0.94      0.94      0.94    117000

Test Accuracy: 0.5737692307692308
Test Classification Report:
              precision    recall  f1-score   support

           0       0.20      0.50      0.28      1025
           1       0.33      0.01      0.01      1007
           2       0.96      0.21      0.35      1015
           3       0.99      1.00      0.99      1015
           4       0.79      0.43      0.55       992
           5       0.21      0.67      0.33       972
           6       0.69      0.27      0.39       991
           7       0.78      0.76      0.77      1058
           8       0.77      0.27      0.40       994
           9       0.83      0.74      0.78       980
          10       0.84      0.88      0.86       989
          11       0.90      0.87      0.88       949
          12       0.92      0.85      0.88      1013

    accuracy                           0.57     13000
   macro avg       0.71      0.57      0.58     13000
weighted avg       0.71      0.57      0.58     13000

--------------------------------------------------------

k = 11
Train Accuracy: 0.9385128205128205
Train Classification Report:
              precision    recall  f1-score   support

           0       0.94      0.54      0.68      8975
           1       0.97      1.00      0.99      8993
           2       0.98      1.00      0.99      8985
           3       0.99      1.00      0.99      8985
           4       0.87      1.00      0.93      9008
           5       0.94      0.92      0.93      9028
           6       0.94      0.99      0.96      9009
           7       0.93      0.99      0.96      8942
           8       0.92      0.99      0.95      9006
           9       0.96      1.00      0.98      9020
          10       0.90      0.95      0.92      9011
          11       0.92      0.94      0.93      9051
          12       0.96      0.89      0.92      8987

    accuracy                           0.94    117000
   macro avg       0.94      0.94      0.93    117000
weighted avg       0.94      0.94      0.93    117000

Test Accuracy: 0.5823076923076923
Test Classification Report:
              precision    recall  f1-score   support

           0       0.21      0.49      0.29      1025
           1       0.69      0.02      0.05      1007
           2       0.95      0.21      0.35      1015
           3       0.99      1.00      0.99      1015
           4       0.77      0.44      0.56       992
           5       0.22      0.67      0.33       972
           6       0.66      0.30      0.41       991
           7       0.75      0.77      0.76      1058
           8       0.77      0.29      0.42       994
           9       0.82      0.78      0.80       980
          10       0.83      0.88      0.86       989
          11       0.89      0.87      0.88       949
          12       0.92      0.86      0.89      1013

    accuracy                           0.58     13000
   macro avg       0.73      0.58      0.58     13000
weighted avg       0.73      0.58      0.58     13000

--------------------------------------------------------

k = 13
Train Accuracy: 0.9347264957264957
Train Classification Report:
              precision    recall  f1-score   support

           0       0.94      0.51      0.66      8975
           1       0.97      1.00      0.98      8993
           2       0.98      1.00      0.99      8985
           3       0.99      1.00      0.99      8985
           4       0.86      0.99      0.92      9008
           5       0.94      0.90      0.92      9028
           6       0.93      0.99      0.96      9009
           7       0.93      0.99      0.96      8942
           8       0.91      0.99      0.95      9006
           9       0.96      1.00      0.98      9020
          10       0.89      0.95      0.92      9011
          11       0.92      0.94      0.93      9051
          12       0.96      0.88      0.92      8987

    accuracy                           0.93    117000
   macro avg       0.94      0.93      0.93    117000
weighted avg       0.94      0.93      0.93    117000

Test Accuracy: 0.5933846153846154
Test Classification Report:
              precision    recall  f1-score   support

           0       0.22      0.48      0.30      1025
           1       0.89      0.09      0.16      1007
           2       0.95      0.21      0.35      1015
           3       0.99      1.00      0.99      1015
           4       0.77      0.46      0.57       992
           5       0.22      0.66      0.33       972
           6       0.65      0.33      0.44       991
           7       0.73      0.77      0.75      1058
           8       0.77      0.31      0.44       994
           9       0.82      0.81      0.81       980
          10       0.83      0.89      0.86       989
          11       0.90      0.87      0.88       949
          12       0.92      0.86      0.89      1013

    accuracy                           0.59     13000
   macro avg       0.74      0.59      0.60     13000
weighted avg       0.74      0.59      0.60     13000

--------------------------------------------------------

k = 15
Train Accuracy: 0.9313931623931624
Train Classification Report:
              precision    recall  f1-score   support

           0       0.94      0.50      0.65      8975
           1       0.97      1.00      0.98      8993
           2       0.98      1.00      0.99      8985
           3       0.99      1.00      0.99      8985
           4       0.85      0.99      0.92      9008
           5       0.94      0.89      0.91      9028
           6       0.93      0.99      0.96      9009
           7       0.92      0.99      0.96      8942
           8       0.91      0.99      0.95      9006
           9       0.95      1.00      0.98      9020
          10       0.88      0.95      0.91      9011
          11       0.91      0.94      0.93      9051
          12       0.96      0.87      0.91      8987

    accuracy                           0.93    117000
   macro avg       0.93      0.93      0.93    117000
weighted avg       0.93      0.93      0.93    117000

Test Accuracy: 0.5987692307692307
Test Classification Report:
              precision    recall  f1-score   support

           0       0.22      0.46      0.30      1025
           1       0.89      0.11      0.20      1007
           2       0.94      0.21      0.34      1015
           3       0.99      1.00      0.99      1015
           4       0.77      0.46      0.57       992
           5       0.23      0.66      0.34       972
           6       0.63      0.34      0.44       991
           7       0.69      0.78      0.73      1058
           8       0.75      0.33      0.46       994
           9       0.83      0.83      0.83       980
          10       0.83      0.88      0.86       989
          11       0.89      0.87      0.88       949
          12       0.92      0.86      0.89      1013

    accuracy                           0.60     13000
   macro avg       0.74      0.60      0.60     13000
weighted avg       0.74      0.60      0.60     13000

--------------------------------------------------------

k = 17
Train Accuracy: 0.9286666666666666
Train Classification Report:
              precision    recall  f1-score   support

           0       0.94      0.48      0.64      8975
           1       0.97      1.00      0.98      8993
           2       0.98      1.00      0.99      8985
           3       0.99      1.00      0.99      8985
           4       0.84      0.99      0.91      9008
           5       0.93      0.88      0.91      9028
           6       0.93      0.99      0.96      9009
           7       0.92      0.99      0.96      8942
           8       0.91      0.99      0.94      9006
           9       0.95      1.00      0.97      9020
          10       0.88      0.94      0.91      9011
          11       0.91      0.94      0.92      9051
          12       0.96      0.87      0.91      8987

    accuracy                           0.93    117000
   macro avg       0.93      0.93      0.92    117000
weighted avg       0.93      0.93      0.92    117000

Test Accuracy: 0.6046923076923076
Test Classification Report:
              precision    recall  f1-score   support

           0       0.22      0.45      0.30      1025
           1       0.89      0.12      0.22      1007
           2       0.93      0.21      0.34      1015
           3       0.99      1.00      0.99      1015
           4       0.75      0.47      0.58       992
           5       0.24      0.66      0.35       972
           6       0.62      0.36      0.46       991
           7       0.68      0.79      0.73      1058
           8       0.74      0.35      0.47       994
           9       0.83      0.85      0.84       980
          10       0.83      0.88      0.85       989
          11       0.89      0.87      0.88       949
          12       0.92      0.86      0.89      1013

    accuracy                           0.60     13000
   macro avg       0.73      0.61      0.61     13000
weighted avg       0.73      0.60      0.61     13000

--------------------------------------------------------

k = 19
Train Accuracy: 0.9257606837606838
Train Classification Report:
              precision    recall  f1-score   support

           0       0.93      0.47      0.62      8975
           1       0.96      1.00      0.98      8993
           2       0.98      1.00      0.99      8985
           3       0.98      1.00      0.99      8985
           4       0.84      0.99      0.91      9008
           5       0.93      0.87      0.90      9028
           6       0.92      0.99      0.95      9009
           7       0.92      0.99      0.95      8942
           8       0.90      0.99      0.94      9006
           9       0.95      1.00      0.97      9020
          10       0.88      0.94      0.91      9011
          11       0.91      0.94      0.92      9051
          12       0.95      0.86      0.90      8987

    accuracy                           0.93    117000
   macro avg       0.93      0.93      0.92    117000
weighted avg       0.93      0.93      0.92    117000

Test Accuracy: 0.6079230769230769
Test Classification Report:
              precision    recall  f1-score   support

           0       0.22      0.45      0.30      1025
           1       0.89      0.14      0.24      1007
           2       0.93      0.21      0.34      1015
           3       0.99      1.00      0.99      1015
           4       0.75      0.48      0.59       992
           5       0.24      0.65      0.35       972
           6       0.60      0.37      0.46       991
           7       0.66      0.80      0.72      1058
           8       0.72      0.36      0.48       994
           9       0.83      0.86      0.84       980
          10       0.82      0.88      0.85       989
          11       0.89      0.86      0.88       949
          12       0.92      0.86      0.89      1013

    accuracy                           0.61     13000
   macro avg       0.73      0.61      0.61     13000
weighted avg       0.73      0.61      0.61     13000
