Training Kernel: linear
Train Accuracy: 0.7314529914529915
Train Classification Report:
              precision    recall  f1-score   support

           0       0.43      0.21      0.29       891
           1       0.75      0.99      0.85       900
           2       0.89      1.00      0.94       895
           3       0.99      1.00      0.99       898
           4       0.61      0.72      0.66       893
           5       0.59      0.49      0.53       913
           6       0.72      0.81      0.77       896
           7       0.89      0.81      0.85       911
           8       0.60      0.64      0.62       898
           9       0.91      0.95      0.93       885
          10       0.65      0.59      0.61       902
          11       0.67      0.86      0.76       900
          12       0.62      0.46      0.53       918

    accuracy                           0.73     11700
   macro avg       0.72      0.73      0.72     11700
weighted avg       0.72      0.73      0.72     11700

Test Accuracy: 0.7476923076923077
Test Classification Report:
              precision    recall  f1-score   support

           0       0.52      0.24      0.33       109
           1       0.74      0.98      0.84       100
           2       0.86      1.00      0.93       105
           3       1.00      1.00      1.00       102
           4       0.70      0.73      0.71       107
           5       0.54      0.46      0.50        87
           6       0.74      0.83      0.78       104
           7       0.78      0.79      0.78        89
           8       0.65      0.59      0.62       102
           9       0.93      0.93      0.93       115
          10       0.66      0.66      0.66        98
          11       0.74      0.89      0.81       100
          12       0.61      0.56      0.59        82

    accuracy                           0.75      1300
   macro avg       0.73      0.74      0.73      1300
weighted avg       0.73      0.75      0.73      1300

Training Kernel: rbf
Train Accuracy: 0.718974358974359
Train Classification Report:
              precision    recall  f1-score   support

           0       0.54      0.16      0.25       891
           1       0.51      0.94      0.67       900
           2       0.79      0.87      0.83       895
           3       0.98      1.00      0.99       898
           4       0.65      0.58      0.61       893
           5       0.61      0.54      0.57       913
           6       0.65      0.70      0.67       896
           7       0.86      0.75      0.80       911
           8       0.58      0.62      0.60       898
           9       0.89      0.90      0.89       885
          10       0.72      0.75      0.73       902
          11       0.80      0.75      0.77       900
          12       0.85      0.78      0.81       918

    accuracy                           0.72     11700
   macro avg       0.72      0.72      0.71     11700
weighted avg       0.72      0.72      0.71     11700

Test Accuracy: 0.7207692307692307
Test Classification Report:
              precision    recall  f1-score   support

           0       0.59      0.21      0.31       109
           1       0.54      0.94      0.69       100
           2       0.82      0.90      0.85       105
           3       1.00      1.00      1.00       102
           4       0.74      0.58      0.65       107
           5       0.55      0.59      0.57        87
           6       0.64      0.73      0.68       104
           7       0.78      0.75      0.77        89
           8       0.66      0.60      0.63       102
           9       0.90      0.89      0.89       115
          10       0.67      0.68      0.68        98
          11       0.79      0.76      0.78       100
          12       0.70      0.76      0.73        82

    accuracy                           0.72      1300
   macro avg       0.72      0.72      0.71      1300
weighted avg       0.73      0.72      0.71      1300

Training polynomial degree 3
Train Accuracy: 0.718974358974359
Train Classification Report:
              precision    recall  f1-score   support

           0       0.54      0.16      0.25       891
           1       0.51      0.94      0.67       900
           2       0.79      0.87      0.83       895
           3       0.98      1.00      0.99       898
           4       0.65      0.58      0.61       893
           5       0.61      0.54      0.57       913
           6       0.65      0.70      0.67       896
           7       0.86      0.75      0.80       911
           8       0.58      0.62      0.60       898
           9       0.89      0.90      0.89       885
          10       0.72      0.75      0.73       902
          11       0.80      0.75      0.77       900
          12       0.85      0.78      0.81       918

    accuracy                           0.72     11700
   macro avg       0.72      0.72      0.71     11700
weighted avg       0.72      0.72      0.71     11700

Test Accuracy: 0.7207692307692307
Test Classification Report:
              precision    recall  f1-score   support

           0       0.59      0.21      0.31       109
           1       0.54      0.94      0.69       100
           2       0.82      0.90      0.85       105
           3       1.00      1.00      1.00       102
           4       0.74      0.58      0.65       107
           5       0.55      0.59      0.57        87
           6       0.64      0.73      0.68       104
           7       0.78      0.75      0.77        89
           8       0.66      0.60      0.63       102
           9       0.90      0.89      0.89       115
          10       0.67      0.68      0.68        98
          11       0.79      0.76      0.78       100
          12       0.70      0.76      0.73        82

    accuracy                           0.72      1300
   macro avg       0.72      0.72      0.71      1300
weighted avg       0.73      0.72      0.71      1300

Training polynomial degree 4
Train Accuracy: 0.718974358974359
Train Classification Report:
              precision    recall  f1-score   support

           0       0.54      0.16      0.25       891
           1       0.51      0.94      0.67       900
           2       0.79      0.87      0.83       895
           3       0.98      1.00      0.99       898
           4       0.65      0.58      0.61       893
           5       0.61      0.54      0.57       913
           6       0.65      0.70      0.67       896
           7       0.86      0.75      0.80       911
           8       0.58      0.62      0.60       898
           9       0.89      0.90      0.89       885
          10       0.72      0.75      0.73       902
          11       0.80      0.75      0.77       900
          12       0.85      0.78      0.81       918

    accuracy                           0.72     11700
   macro avg       0.72      0.72      0.71     11700
weighted avg       0.72      0.72      0.71     11700

Test Accuracy: 0.7207692307692307
Test Classification Report:
              precision    recall  f1-score   support

           0       0.59      0.21      0.31       109
           1       0.54      0.94      0.69       100
           2       0.82      0.90      0.85       105
           3       1.00      1.00      1.00       102
           4       0.74      0.58      0.65       107
           5       0.55      0.59      0.57        87
           6       0.64      0.73      0.68       104
           7       0.78      0.75      0.77        89
           8       0.66      0.60      0.63       102
           9       0.90      0.89      0.89       115
          10       0.67      0.68      0.68        98
          11       0.79      0.76      0.78       100
          12       0.70      0.76      0.73        82

    accuracy                           0.72      1300
   macro avg       0.72      0.72      0.71      1300
weighted avg       0.73      0.72      0.71      1300

Training polynomial degree 5
Train Accuracy: 0.718974358974359
Train Classification Report:
              precision    recall  f1-score   support

           0       0.54      0.16      0.25       891
           1       0.51      0.94      0.67       900
           2       0.79      0.87      0.83       895
           3       0.98      1.00      0.99       898
           4       0.65      0.58      0.61       893
           5       0.61      0.54      0.57       913
           6       0.65      0.70      0.67       896
           7       0.86      0.75      0.80       911
           8       0.58      0.62      0.60       898
           9       0.89      0.90      0.89       885
          10       0.72      0.75      0.73       902
          11       0.80      0.75      0.77       900
          12       0.85      0.78      0.81       918

    accuracy                           0.72     11700
   macro avg       0.72      0.72      0.71     11700
weighted avg       0.72      0.72      0.71     11700

Test Accuracy: 0.7207692307692307
Test Classification Report:
              precision    recall  f1-score   support

           0       0.59      0.21      0.31       109
           1       0.54      0.94      0.69       100
           2       0.82      0.90      0.85       105
           3       1.00      1.00      1.00       102
           4       0.74      0.58      0.65       107
           5       0.55      0.59      0.57        87
           6       0.64      0.73      0.68       104
           7       0.78      0.75      0.77        89
           8       0.66      0.60      0.63       102
           9       0.90      0.89      0.89       115
          10       0.67      0.68      0.68        98
          11       0.79      0.76      0.78       100
          12       0.70      0.76      0.73        82

    accuracy                           0.72      1300
   macro avg       0.72      0.72      0.71      1300
weighted avg       0.73      0.72      0.71      1300

Training polynomial degree 6
Train Accuracy: 0.718974358974359
Train Classification Report:
              precision    recall  f1-score   support

           0       0.54      0.16      0.25       891
           1       0.51      0.94      0.67       900
           2       0.79      0.87      0.83       895
           3       0.98      1.00      0.99       898
           4       0.65      0.58      0.61       893
           5       0.61      0.54      0.57       913
           6       0.65      0.70      0.67       896
           7       0.86      0.75      0.80       911
           8       0.58      0.62      0.60       898
           9       0.89      0.90      0.89       885
          10       0.72      0.75      0.73       902
          11       0.80      0.75      0.77       900
          12       0.85      0.78      0.81       918

    accuracy                           0.72     11700
   macro avg       0.72      0.72      0.71     11700
weighted avg       0.72      0.72      0.71     11700

Test Accuracy: 0.7207692307692307
Test Classification Report:
              precision    recall  f1-score   support

           0       0.59      0.21      0.31       109
           1       0.54      0.94      0.69       100
           2       0.82      0.90      0.85       105
           3       1.00      1.00      1.00       102
           4       0.74      0.58      0.65       107
           5       0.55      0.59      0.57        87
           6       0.64      0.73      0.68       104
           7       0.78      0.75      0.77        89
           8       0.66      0.60      0.63       102
           9       0.90      0.89      0.89       115
          10       0.67      0.68      0.68        98
          11       0.79      0.76      0.78       100
          12       0.70      0.76      0.73        82

    accuracy                           0.72      1300
   macro avg       0.72      0.72      0.71      1300
weighted avg       0.73      0.72      0.71      1300
